>A+DQ083238
1	225	  8.6	A1+AF004885
226	495	 25.1	A1+AF069670
496	930	 37.8	G+AF084936
931	1155	  6.6	A1+AF069670
1156	1770	 21.3	C+U52953
1771	1875	 16.4	C+AF067155
1876	2175	 11.7	A1+AF069670
2176	2655	 25.1	A1+AF004885
2656	3285	 23.6	C+AF067155
3286	3585	 29.5	C+AY772699
3586	3825	 14.7	C+AF067155
3826	3915	 15.0	C+U52953
3916	4185	 16.1	C+AY772699
4186	4335	 12.6	C+U52953
4336	5025	 23.9	A1+AF004885
5026	5205	 24.9	G+AF061642
5206	5295	 24.9	A1+AF004885
5296	5415	 10.0	A1+AF069670
5416	5820	 12.4	A1+U51190
5821	6030	 16.4	A1+AF484509
6031	6225	  8.4	A1+AF069670
6226	6555	 11.6	A1+AF004885
6556	6705	  7.7	A2+AF286238
6706	6825	  0.0	A1+AF004885
6826	7140	 11.3	A1+AF484509
7141	7485	  8.1	A1+AF004885
7486	7755	 18.4	D+K03454
7756	8640	 19.6	A1+AF004885
8641	8805	  1.4	A1+U51190
8806	9330	  8.9	A1+AF004885
9331	9699	 15.8	A1+U51190
